0:41 34 55 87 21 22 75 32 55 35 55 61 73 96 
1:97 5 20 68 5 68 8 47 81 84 17 41 58 77 32 
2:81 
3:61 
4:81 39 58 2 96 83 72 92 52 36 80 38 77 24 34 65 
5:95 46 17 30 3 86 66 32 84 17 37 50 28 58 37 7 6 6 
6:70 90 42 57 
7:61 32 20 93 34 3 36 80 
8:34 100 27 67 67 28 77 14 11 9 10 77 93 21 71 49 25 98 27 
9:14 45 52 
10:93 55 
11:5 15 75 25 14 96 93 16 67 29 76 72 54 5 38 
12:7 6 82 70 46 77 34 35 10 42 11 66 20 43 30 77 14 38 
13:71 27 89 2 11 40 12 49 90 74 2 64 72 98 
14:70 29 22 18 
15:58 53 93 7 10 88 59 3 76 14 22 17 11 84 88 0 80 57 89 
16:94 30 73 20 93 27 50 80 65 62 41 38 1 94 47 93 77 24 44 
17:62 67 46 35 18 57 56 71 59 37 76 32 
18:77 81 
19:
20:95 69 80 8 12 24 7 61 96 97 71 26 3 9 45 1 83 76 
21:54 78 89 31 31 46 
22:6 73 58 45 40 
23:93 24 82 72 21 48 72 81 9 92 
24:46 61 67 93 74 11 7 22 12 26 30 42 86 3 97 26 77 45 49 37 
25:67 88 66 75 88 
26:43 21 39 9 66 3 87 4 98 84 47 
27:52 31 98 49 98 87 
28:27 48 40 8 45 45 54 54 70 33 57 35 81 68 34 95 60 53 36 
29:23 98 34 55 34 74 23 99 91 64 98 63 76 87 6 
30:59 65 24 17 
31:39 15 60 83 3 20 61 43 59 63 77 27 71 30 17 2 79 56 57 92 
32:67 24 84 91 94 81 16 66 80 51 11 74 31 17 8 47 30 55 
33:90 36 46 3 41 10 40 76 21 50 7 38 30 84 2 
34:85 62 80 
35:15 
36:26 33 96 37 58 47 88 87 48 85 81 
37:49 57 21 50 87 0 10 31 67 81 52 62 100 89 
38:63 6 36 48 90 22 
39:66 37 21 23 76 61 82 57 28 88 38 69 92 52 26 48 68 46 15 
40:13 76 6 62 34 89 29 29 82 70 34 10 
41:57 
42:
43:42 40 70 1 5 83 70 27 94 
44:27 38 1 
45:8 
46:18 47 76 92 55 94 77 
47:65 83 28 93 3 85 48 24 36 
48:11 
49:84 69 63 2 34 57 10 7 45 87 81 29 
50:85 15 13 19 78 69 58 43 5 
51:49 65 45 32 71 12 33 79 4 20 13 65 31 44 72 
52:17 
53:59 88 20 7 30 29 50 70 76 25 
54:79 71 90 50 91 74 19 46 64 22 
55:97 10 53 11 85 74 54 57 72 
56:81 89 20 71 35 29 82 59 21 90 
57:99 52 67 65 96 13 92 8 62 55 99 10 
58:77 
59:44 50 6 77 19 51 47 73 47 17 17 14 8 67 72 98 
60:44 30 25 39 89 65 0 28 74 86 93 86 54 72 
61:91 26 79 87 17 4 42 
62:22 98 53 53 21 20 61 98 92 59 68 16 100 77 31 61 17 46 42 93 
63:31 17 13 76 75 
64:96 13 85 19 87 46 
65:71 20 5 89 59 2 58 43 58 71 85 91 0 48 17 99 54 2 84 
66:7 41 77 
67:18 83 42 87 
68:26 70 97 85 34 53 75 29 23 67 55 10 62 
69:97 14 74 21 97 9 2 18 16 98 
70:89 26 67 15 74 84 40 80 49 1 27 53 41 30 18 1 37 39 49 
71:58 73 6 22 26 24 
72:11 92 84 85 48 33 71 31 24 10 17 30 
73:32 14 13 35 19 50 29 6 16 79 40 27 42 1 66 16 
74:54 8 87 59 96 68 47 44 15 
75:74 72 34 86 61 52 56 80 18 33 54 14 0 
76:64 25 27 79 33 71 55 74 57 34 31 12 19 60 90 93 94 59 38 89 
77:23 73 64 10 90 80 23 88 39 91 66 29 56 83 29 
78:76 81 0 
79:
80:54 35 25 63 6 85 0 41 57 41 59 
81:57 54 46 
82:7 52 49 62 92 32 84 85 6 30 80 54 31 
83:39 25 45 
84:48 91 16 68 43 45 72 11 32 64 96 44 36 37 89 13 68 
85:94 48 50 48 19 40 4 36 15 80 16 32 
86:71 67 42 10 48 12 87 92 72 60 45 91 
87:100 16 54 57 89 89 80 93 38 55 55 84 76 
88:56 81 17 68 40 64 74 28 37 81 32 16 95 38 8 89 38 10 
89:4 6 90 
90:49 31 37 25 17 37 4 55 57 62 10 54 37 49 53 9 23 50 
91:67 56 86 6 81 35 6 21 8 84 65 43 16 80 41 
92:68 38 90 100 64 68 8 33 20 6 9 29 89 8 38 49 42 50 32 
93:65 25 68 53 97 26 57 50 67 98 95 
94:
95:8 30 75 49 56 18 63 33 66 51 14 67 25 22 45 58 44 
96:73 17 36 43 14 45 75 17 87 30 
97:82 33 44 17 27 32 52 89 80 34 
98:70 10 48 86 42 19 26 68 9 82 4 26 39 
99:6 32 14 95 11 
